19 2 9 2 552.5 0
24 2 9 2 552.5 -20
34 2 3 0 552.5 -40
39 2 9 2 552.5 -60
41 2 6 1 590 -80
47 2 6 1 590 -100
48 2 6 1 590 -120
50 2 9 2 552.5 -140
51 2 3 0 552.5 -160
52 2 6 1 590 -180
80 2 9 2 552.5 -200
85 2 9 2 552.5 -220
89 2 6 1 590 -240
90 2 9 2 552.5 -260
92 2 6 1 590 -280
95 2 6 1 590 -300
109 2 9 2 552.5 -320
114 2 9 2 552.5 -340
115 2 3 0 552.5 -360
116 2 9 2 552.5 -380
117 2 6 1 590 -400
118 2 3 0 552.5 -420
119 2 3 0 552.5 -440
121 2 6 1 590 -460
126 2 6 1 590 -480
130 2 6 1 590 -500
138 2 3 0 552.5 -520
153 2 9 2 552.5 -540
154 2 9 2 552.5 -560
167 2 3 0 552.5 -580
183 2 9 2 552.5 -600
200 2 9 2 552.5 -620
205 2 3 0 552.5 -640
208 2 3 0 552.5 -660
214 2 9 2 552.5 -680
219 2 6 1 590 -700
225 2 9 2 552.5 -720
231 2 9 2 552.5 -740
254 2 6 1 590 -760
261 2 3 0 552.5 -780
285 2 6 1 590 -800
286 2 6 1 590 -820
287 2 3 0 552.5 -840
312 2 3 0 552.5 -860
314 2 6 1 590 -880
319 2 3 0 552.5 -900
320 2 3 0 552.5 -920
325 2 6 1 590 -940
326 2 9 2 552.5 -960
329 2 3 0 552.5 -980
338 2 6 1 590 -1000
340 2 3 0 552.5 -1020
348 2 3 0 552.5 -1040
356 2 9 2 552.5 -1060
367 2 6 1 590 -1080
368 2 9 2 552.5 -1100
370 2 6 1 590 -1120
381 2 3 0 552.5 -1140
389 2 9 2 552.5 -1160
393 2 6 1 590 -1180
395 2 3 0 552.5 -1200
396 2 6 1 590 -1220
405 2 3 0 552.5 -1240
406 2 3 0 552.5 -1260
420 2 9 2 552.5 -1280
425 2 3 0 552.5 -1300
433 2 3 0 552.5 -1320
439 2 6 1 590 -1340
441 2 9 2 552.5 -1360
459 2 9 2 552.5 -1380
462 2 9 2 552.5 -1400
466 2 3 0 552.5 -1420
472 2 3 0 552.5 -1440
478 2 3 0 552.5 -1460
484 2 9 2 552.5 -1480
492 2 9 2 552.5 -1500
500 2 9 2 552.5 -1520
512 2 3 0 552.5 -1540
519 2 6 1 590 -1560
521 2 6 1 590 -1580
522 2 6 1 590 -1600
523 2 9 2 552.5 -1620
529 2 6 1 590 -1640
541 2 6 1 590 -1660
563 2 9 2 552.5 -1680
585 2 3 0 552.5 -1700
609 2 6 1 590 -1720
611 2 3 0 552.5 -1740
618 2 6 1 590 -1760
639 2 6 1 590 -1780
651 2 9 2 552.5 -1800
656 2 9 2 552.5 -1820
668 2 9 2 552.5 -1840
675 2 6 1 590 -1860
678 2 3 0 552.5 -1880
685 2 6 1 590 -1900
690 2 3 0 552.5 -1920
