10 5 6 4 512.5 1080
11 5 0 3 512.5 1100
14 5 9 5 474.5 1120
23 5 6 4 512.5 1140
30 5 9 5 474.5 1160
33 5 6 4 512.5 1180
45 5 6 4 512.5 1200
65 5 9 5 474.5 1220
68 5 9 5 474.5 1240
78 5 6 4 512.5 1260
91 5 9 5 474.5 1280
94 5 0 3 512.5 1300
102 5 6 4 512.5 1320
111 5 9 5 474.5 1340
113 5 6 4 512.5 1360
132 5 9 5 474.5 1380
134 5 6 4 512.5 1400
135 5 0 3 512.5 1420
147 5 9 5 474.5 1440
151 5 6 4 512.5 1460
163 5 9 5 474.5 1480
164 5 6 4 512.5 1500
173 5 6 4 512.5 1520
176 5 6 4 512.5 1540
181 5 9 5 474.5 1560
182 5 6 4 512.5 1580
207 5 9 5 474.5 1600
215 5 6 4 512.5 1620
217 5 0 3 512.5 1640
234 5 0 3 512.5 1660
245 5 6 4 512.5 1680
250 5 6 4 512.5 1700
251 5 6 4 512.5 1720
255 5 0 3 512.5 1740
256 5 9 5 474.5 1760
260 5 6 4 512.5 1780
263 5 6 4 512.5 1800
276 5 6 4 512.5 1820
283 5 6 4 512.5 1840
290 5 0 3 512.5 1860
294 5 6 4 512.5 1880
295 5 6 4 512.5 1900
318 5 9 5 474.5 1920
344 5 6 4 512.5 1940
361 5 9 5 474.5 1960
382 5 6 4 512.5 1980
390 5 0 3 512.5 2000
410 5 9 5 474.5 2020
414 5 6 4 512.5 2040
422 5 9 5 474.5 2060
438 5 9 5 474.5 2080
440 5 6 4 512.5 2100
451 5 6 4 512.5 2120
456 5 9 5 474.5 2140
469 5 6 4 512.5 2160
483 5 0 3 512.5 2180
499 5 6 4 512.5 2200
502 5 6 4 512.5 2220
507 5 0 3 512.5 2240
531 5 9 5 474.5 2260
533 5 9 5 474.5 2280
536 5 0 3 512.5 2300
542 5 9 5 474.5 2320
543 5 6 4 512.5 2340
560 5 9 5 474.5 2360
566 5 9 5 474.5 2380
573 5 6 4 512.5 2400
580 5 0 3 512.5 2420
587 5 9 5 474.5 2440
594 5 6 4 512.5 2460
598 5 6 4 512.5 2480
614 5 6 4 512.5 2500
616 5 6 4 512.5 2520
620 5 6 4 512.5 2540
637 5 0 3 512.5 2560
645 5 6 4 512.5 2580
649 5 0 3 512.5 2600
659 5 0 3 512.5 2620
682 5 0 3 512.5 2640
696 5 0 3 512.5 2660
702 5 9 5 474.5 2680
706 5 6 4 512.5 2700
