4 10 3 10 0 485.5
9 10 6 11 -20 485.5
20 10 3 10 -40 485.5
29 10 3 10 -60 485.5
44 10 3 10 -80 485.5
74 10 3 10 -100 485.5
81 10 0 9 -120 445.5
82 10 6 11 -140 485.5
84 10 6 11 -160 485.5
96 10 0 9 -180 445.5
100 10 0 9 -200 445.5
141 10 6 11 -220 485.5
149 10 6 11 -240 485.5
152 10 3 10 -260 485.5
158 10 0 9 -280 445.5
169 10 3 10 -300 485.5
170 10 3 10 -320 485.5
179 10 0 9 -340 445.5
186 10 6 11 -360 485.5
188 10 6 11 -380 485.5
189 10 3 10 -400 485.5
211 10 6 11 -420 485.5
220 10 3 10 -440 485.5
224 10 0 9 -460 445.5
227 10 0 9 -480 445.5
229 10 6 11 -500 485.5
235 10 3 10 -520 485.5
239 10 3 10 -540 485.5
244 10 6 11 -560 485.5
253 10 3 10 -580 485.5
264 10 3 10 -600 485.5
265 10 0 9 -620 445.5
268 10 3 10 -640 485.5
271 10 6 11 -660 485.5
280 10 6 11 -680 485.5
303 10 3 10 -700 485.5
304 10 0 9 -720 445.5
306 10 6 11 -740 485.5
307 10 6 11 -760 485.5
309 10 6 11 -780 485.5
332 10 0 9 -800 445.5
335 10 3 10 -820 485.5
341 10 0 9 -840 445.5
355 10 6 11 -860 485.5
359 10 6 11 -880 485.5
360 10 0 9 -900 445.5
372 10 3 10 -920 485.5
375 10 6 11 -940 485.5
378 10 3 10 -960 485.5
379 10 0 9 -980 445.5
383 10 6 11 -1000 485.5
402 10 6 11 -1020 485.5
413 10 3 10 -1040 485.5
436 10 3 10 -1060 485.5
445 10 0 9 -1080 445.5
449 10 3 10 -1100 485.5
454 10 6 11 -1120 485.5
463 10 0 9 -1140 445.5
468 10 6 11 -1160 485.5
474 10 0 9 -1180 445.5
479 10 3 10 -1200 485.5
485 10 0 9 -1220 445.5
486 10 3 10 -1240 485.5
491 10 6 11 -1260 485.5
498 10 0 9 -1280 445.5
511 10 0 9 -1300 445.5
538 10 0 9 -1320 445.5
544 10 3 10 -1340 485.5
567 10 0 9 -1360 445.5
571 10 0 9 -1380 445.5
576 10 6 11 -1400 485.5
584 10 3 10 -1420 485.5
592 10 0 9 -1440 445.5
593 10 3 10 -1460 485.5
597 10 3 10 -1480 485.5
603 10 3 10 -1500 485.5
604 10 6 11 -1520 485.5
605 10 0 9 -1540 445.5
624 10 3 10 -1560 485.5
626 10 6 11 -1580 485.5
629 10 0 9 -1600 445.5
631 10 3 10 -1620 485.5
632 10 6 11 -1640 485.5
634 10 6 11 -1660 485.5
636 10 6 11 -1680 485.5
644 10 3 10 -1700 485.5
646 10 3 10 -1720 485.5
655 10 0 9 -1740 445.5
669 10 3 10 -1760 485.5
681 10 3 10 -1780 485.5
683 10 6 11 -1800 485.5
686 10 6 11 -1820 485.5
689 10 6 11 -1840 485.5
692 10 6 11 -1860 485.5
695 10 3 10 -1880 485.5
704 10 0 9 -1900 445.5
709 10 3 10 -1920 485.5
