25 8 9 8 1080 523.5
31 8 0 6 1100 523.5
37 8 3 7 1120 562.5
38 8 0 6 1140 523.5
56 8 3 7 1160 562.5
61 8 9 8 1180 523.5
70 8 0 6 1200 523.5
72 8 3 7 1220 562.5
77 8 3 7 1240 562.5
79 8 0 6 1260 523.5
110 8 0 6 1280 523.5
140 8 0 6 1300 523.5
146 8 9 8 1320 523.5
150 8 3 7 1340 562.5
155 8 9 8 1360 523.5
161 8 3 7 1380 562.5
165 8 3 7 1400 562.5
172 8 9 8 1420 523.5
178 8 3 7 1440 562.5
180 8 9 8 1460 523.5
184 8 3 7 1480 562.5
185 8 3 7 1500 562.5
197 8 3 7 1520 562.5
202 8 9 8 1540 523.5
222 8 9 8 1560 523.5
223 8 3 7 1580 562.5
230 8 9 8 1600 523.5
233 8 9 8 1620 523.5
236 8 9 8 1640 523.5
262 8 9 8 1660 523.5
270 8 3 7 1680 562.5
279 8 3 7 1700 562.5
289 8 9 8 1720 523.5
292 8 9 8 1740 523.5
296 8 9 8 1760 523.5
305 8 9 8 1780 523.5
311 8 3 7 1800 562.5
321 8 0 6 1820 523.5
322 8 0 6 1840 523.5
323 8 0 6 1860 523.5
331 8 0 6 1880 523.5
337 8 0 6 1900 523.5
339 8 9 8 1920 523.5
354 8 0 6 1940 523.5
357 8 3 7 1960 562.5
398 8 3 7 1980 562.5
401 8 0 6 2000 523.5
408 8 9 8 2020 523.5
419 8 9 8 2040 523.5
432 8 0 6 2060 523.5
434 8 3 7 2080 562.5
447 8 9 8 2100 523.5
450 8 3 7 2120 562.5
455 8 3 7 2140 562.5
457 8 0 6 2160 523.5
460 8 0 6 2180 523.5
477 8 9 8 2200 523.5
487 8 9 8 2220 523.5
504 8 3 7 2240 562.5
509 8 3 7 2260 562.5
510 8 0 6 2280 523.5
513 8 9 8 2300 523.5
524 8 3 7 2320 562.5
530 8 9 8 2340 523.5
540 8 3 7 2360 562.5
549 8 3 7 2380 562.5
555 8 3 7 2400 562.5
558 8 0 6 2420 523.5
559 8 3 7 2440 562.5
564 8 9 8 2460 523.5
565 8 0 6 2480 523.5
579 8 0 6 2500 523.5
581 8 3 7 2520 562.5
589 8 0 6 2540 523.5
599 8 0 6 2560 523.5
621 8 9 8 2580 523.5
628 8 9 8 2600 523.5
643 8 0 6 2620 523.5
650 8 9 8 2640 523.5
658 8 3 7 2660 562.5
664 8 9 8 2680 523.5
673 8 0 6 2700 523.5
691 8 0 6 2720 523.5
707 8 9 8 2740 523.5
