6 7 0 6 1080 523.5
15 7 3 7 1100 562.5
18 7 9 8 1120 523.5
28 7 0 6 1140 523.5
32 7 0 6 1160 523.5
36 7 9 8 1180 523.5
43 7 0 6 1200 523.5
57 7 9 8 1220 523.5
63 7 3 7 1240 562.5
69 7 0 6 1260 523.5
105 7 0 6 1280 523.5
106 7 3 7 1300 562.5
112 7 0 6 1320 523.5
124 7 0 6 1340 523.5
127 7 9 8 1360 523.5
129 7 0 6 1380 523.5
133 7 0 6 1400 523.5
142 7 0 6 1420 523.5
143 7 9 8 1440 523.5
177 7 3 7 1460 562.5
187 7 3 7 1480 562.5
190 7 0 6 1500 523.5
199 7 9 8 1520 523.5
210 7 0 6 1540 523.5
216 7 0 6 1560 523.5
240 7 3 7 1580 562.5
248 7 0 6 1600 523.5
249 7 3 7 1620 562.5
259 7 0 6 1640 523.5
273 7 9 8 1660 523.5
277 7 0 6 1680 523.5
297 7 0 6 1700 523.5
298 7 9 8 1720 523.5
302 7 9 8 1740 523.5
333 7 9 8 1760 523.5
342 7 0 6 1780 523.5
346 7 0 6 1800 523.5
347 7 0 6 1820 523.5
352 7 3 7 1840 562.5
353 7 0 6 1860 523.5
358 7 3 7 1880 562.5
364 7 0 6 1900 523.5
366 7 9 8 1920 523.5
374 7 0 6 1940 523.5
376 7 9 8 1960 523.5
377 7 9 8 1980 523.5
384 7 0 6 2000 523.5
387 7 0 6 2020 523.5
388 7 9 8 2040 523.5
394 7 0 6 2060 523.5
397 7 9 8 2080 523.5
399 7 0 6 2100 523.5
409 7 9 8 2120 523.5
443 7 3 7 2140 562.5
446 7 9 8 2160 523.5
452 7 0 6 2180 523.5
458 7 9 8 2200 523.5
461 7 9 8 2220 523.5
471 7 3 7 2240 562.5
476 7 0 6 2260 523.5
480 7 3 7 2280 562.5
490 7 0 6 2300 523.5
506 7 3 7 2320 562.5
515 7 3 7 2340 562.5
516 7 0 6 2360 523.5
520 7 9 8 2380 523.5
525 7 0 6 2400 523.5
532 7 9 8 2420 523.5
535 7 3 7 2440 562.5
539 7 9 8 2460 523.5
553 7 9 8 2480 523.5
554 7 3 7 2500 562.5
574 7 0 6 2520 523.5
577 7 9 8 2540 523.5
588 7 0 6 2560 523.5
600 7 0 6 2580 523.5
613 7 0 6 2600 523.5
617 7 0 6 2620 523.5
627 7 0 6 2640 523.5
640 7 3 7 2660 562.5
660 7 3 7 2680 562.5
670 7 3 7 2700 562.5
671 7 0 6 2720 523.5
679 7 3 7 2740 562.5
684 7 0 6 2760 523.5
688 7 0 6 2780 523.5
697 7 0 6 2800 523.5
700 7 3 7 2820 562.5
705 7 3 7 2840 562.5
711 7 0 6 2860 523.5
