12 1 3 0 552.5 0
16 1 9 2 552.5 -20
27 1 6 1 590 -40
40 1 6 1 590 -60
42 1 3 0 552.5 -80
49 1 9 2 552.5 -100
54 1 9 2 552.5 -120
58 1 6 1 590 -140
59 1 9 2 552.5 -160
83 1 3 0 552.5 -180
86 1 9 2 552.5 -200
87 1 6 1 590 -220
99 1 9 2 552.5 -240
107 1 9 2 552.5 -260
123 1 9 2 552.5 -280
125 1 3 0 552.5 -300
131 1 6 1 590 -320
136 1 3 0 552.5 -340
144 1 6 1 590 -360
160 1 6 1 590 -380
162 1 6 1 590 -400
174 1 9 2 552.5 -420
196 1 3 0 552.5 -440
209 1 9 2 552.5 -460
213 1 6 1 590 -480
221 1 3 0 552.5 -500
226 1 9 2 552.5 -520
247 1 6 1 590 -540
252 1 3 0 552.5 -560
258 1 9 2 552.5 -580
267 1 3 0 552.5 -600
269 1 6 1 590 -620
275 1 6 1 590 -640
281 1 3 0 552.5 -660
291 1 9 2 552.5 -680
299 1 3 0 552.5 -700
301 1 9 2 552.5 -720
308 1 3 0 552.5 -740
315 1 6 1 590 -760
316 1 3 0 552.5 -780
328 1 3 0 552.5 -800
334 1 9 2 552.5 -820
336 1 9 2 552.5 -840
363 1 6 1 590 -860
369 1 6 1 590 -880
371 1 6 1 590 -900
385 1 9 2 552.5 -920
391 1 6 1 590 -940
404 1 6 1 590 -960
411 1 9 2 552.5 -980
417 1 3 0 552.5 -1000
418 1 3 0 552.5 -1020
428 1 9 2 552.5 -1040
429 1 6 1 590 -1060
435 1 9 2 552.5 -1080
448 1 3 0 552.5 -1100
453 1 9 2 552.5 -1120
467 1 3 0 552.5 -1140
481 1 3 0 552.5 -1160
488 1 6 1 590 -1180
497 1 9 2 552.5 -1200
505 1 6 1 590 -1220
514 1 6 1 590 -1240
517 1 3 0 552.5 -1260
526 1 9 2 552.5 -1280
547 1 3 0 552.5 -1300
551 1 9 2 552.5 -1320
556 1 9 2 552.5 -1340
562 1 6 1 590 -1360
591 1 6 1 590 -1380
595 1 3 0 552.5 -1400
602 1 3 0 552.5 -1420
606 1 6 1 590 -1440
607 1 3 0 552.5 -1460
610 1 9 2 552.5 -1480
612 1 9 2 552.5 -1500
619 1 3 0 552.5 -1520
625 1 3 0 552.5 -1540
635 1 3 0 552.5 -1560
638 1 9 2 552.5 -1580
647 1 6 1 590 -1600
654 1 6 1 590 -1620
666 1 9 2 552.5 -1640
672 1 9 2 552.5 -1660
676 1 9 2 552.5 -1680
677 1 9 2 552.5 -1700
687 1 9 2 552.5 -1720
701 1 6 1 590 -1740
713 1 3 0 552.5 -1760
