2 4 0 3 512.5 1080
7 4 9 5 474.5 1100
8 4 0 3 512.5 1120
13 4 9 5 474.5 1140
26 4 0 3 512.5 1160
53 4 9 5 474.5 1180
60 4 9 5 474.5 1200
62 4 6 4 512.5 1220
66 4 0 3 512.5 1240
75 4 0 3 512.5 1260
76 4 0 3 512.5 1280
104 4 9 5 474.5 1300
120 4 0 3 512.5 1320
145 4 6 4 512.5 1340
148 4 0 3 512.5 1360
156 4 6 4 512.5 1380
157 4 9 5 474.5 1400
171 4 6 4 512.5 1420
175 4 6 4 512.5 1440
191 4 0 3 512.5 1460
193 4 9 5 474.5 1480
198 4 0 3 512.5 1500
203 4 9 5 474.5 1520
204 4 0 3 512.5 1540
206 4 9 5 474.5 1560
212 4 0 3 512.5 1580
218 4 6 4 512.5 1600
228 4 9 5 474.5 1620
237 4 6 4 512.5 1640
241 4 9 5 474.5 1660
242 4 6 4 512.5 1680
257 4 6 4 512.5 1700
266 4 6 4 512.5 1720
278 4 0 3 512.5 1740
282 4 0 3 512.5 1760
288 4 9 5 474.5 1780
293 4 0 3 512.5 1800
300 4 9 5 474.5 1820
313 4 6 4 512.5 1840
317 4 9 5 474.5 1860
351 4 9 5 474.5 1880
373 4 0 3 512.5 1900
380 4 6 4 512.5 1920
392 4 9 5 474.5 1940
403 4 0 3 512.5 1960
407 4 6 4 512.5 1980
412 4 6 4 512.5 2000
415 4 6 4 512.5 2020
416 4 0 3 512.5 2040
423 4 9 5 474.5 2060
424 4 9 5 474.5 2080
426 4 6 4 512.5 2100
427 4 9 5 474.5 2120
430 4 6 4 512.5 2140
431 4 0 3 512.5 2160
444 4 6 4 512.5 2180
473 4 6 4 512.5 2200
482 4 0 3 512.5 2220
489 4 0 3 512.5 2240
501 4 6 4 512.5 2260
508 4 6 4 512.5 2280
518 4 9 5 474.5 2300
527 4 9 5 474.5 2320
528 4 0 3 512.5 2340
545 4 6 4 512.5 2360
546 4 6 4 512.5 2380
548 4 0 3 512.5 2400
552 4 0 3 512.5 2420
557 4 9 5 474.5 2440
568 4 6 4 512.5 2460
569 4 6 4 512.5 2480
570 4 6 4 512.5 2500
575 4 6 4 512.5 2520
582 4 9 5 474.5 2540
586 4 0 3 512.5 2560
590 4 0 3 512.5 2580
596 4 6 4 512.5 2600
608 4 6 4 512.5 2620
615 4 9 5 474.5 2640
623 4 0 3 512.5 2660
633 4 6 4 512.5 2680
642 4 6 4 512.5 2700
665 4 0 3 512.5 2720
680 4 9 5 474.5 2740
703 4 9 5 474.5 2760
708 4 0 3 512.5 2780
