1 11 0 9 0 445.5
3 11 6 11 -20 485.5
5 11 3 10 -40 485.5
17 11 6 11 -60 485.5
21 11 0 9 -80 445.5
22 11 6 11 -100 485.5
35 11 0 9 -120 445.5
46 11 6 11 -140 485.5
55 11 3 10 -160 485.5
64 11 0 9 -180 445.5
67 11 3 10 -200 485.5
71 11 3 10 -220 485.5
73 11 6 11 -240 485.5
88 11 3 10 -260 485.5
93 11 6 11 -280 485.5
97 11 0 9 -300 445.5
98 11 0 9 -320 445.5
101 11 6 11 -340 485.5
103 11 3 10 -360 485.5
108 11 3 10 -380 485.5
122 11 6 11 -400 485.5
128 11 3 10 -420 485.5
137 11 0 9 -440 445.5
139 11 6 11 -460 485.5
159 11 0 9 -480 445.5
166 11 6 11 -500 485.5
168 11 3 10 -520 485.5
192 11 3 10 -540 485.5
194 11 3 10 -560 485.5
195 11 6 11 -580 485.5
201 11 6 11 -600 485.5
232 11 3 10 -620 485.5
238 11 6 11 -640 485.5
243 11 3 10 -660 485.5
246 11 6 11 -680 485.5
272 11 0 9 -700 445.5
274 11 6 11 -720 485.5
284 11 3 10 -740 485.5
310 11 6 11 -760 485.5
324 11 6 11 -780 485.5
327 11 6 11 -800 485.5
330 11 0 9 -820 445.5
343 11 3 10 -840 485.5
345 11 6 11 -860 485.5
349 11 3 10 -880 485.5
350 11 3 10 -900 485.5
362 11 0 9 -920 445.5
365 11 0 9 -940 445.5
386 11 0 9 -960 445.5
400 11 6 11 -980 485.5
421 11 0 9 -1000 445.5
437 11 3 10 -1020 485.5
442 11 0 9 -1040 445.5
464 11 6 11 -1060 485.5
465 11 6 11 -1080 485.5
470 11 0 9 -1100 445.5
475 11 6 11 -1120 485.5
493 11 0 9 -1140 445.5
494 11 3 10 -1160 485.5
495 11 6 11 -1180 485.5
496 11 3 10 -1200 485.5
503 11 6 11 -1220 485.5
534 11 6 11 -1240 485.5
537 11 3 10 -1260 485.5
550 11 3 10 -1280 485.5
561 11 3 10 -1300 485.5
572 11 6 11 -1320 485.5
578 11 6 11 -1340 485.5
583 11 3 10 -1360 485.5
601 11 0 9 -1380 445.5
622 11 6 11 -1400 485.5
630 11 3 10 -1420 485.5
641 11 0 9 -1440 445.5
648 11 6 11 -1460 485.5
652 11 0 9 -1480 445.5
653 11 6 11 -1500 485.5
657 11 3 10 -1520 485.5
661 11 6 11 -1540 485.5
662 11 0 9 -1560 445.5
663 11 0 9 -1580 445.5
667 11 3 10 -1600 485.5
674 11 0 9 -1620 445.5
693 11 3 10 -1640 485.5
694 11 0 9 -1660 445.5
698 11 3 10 -1680 485.5
699 11 3 10 -1700 485.5
710 11 3 10 -1720 485.5
712 11 3 10 -1740 485.5
